[[36, 31, 23], [39, 18, 42], [35, 34, 9], [2, 12, 37], [7, 26, 17], [4, 6, 1], [49, 29, 21], [32, 44, 40], [5, 14, 19], [47, 38, 16], [46, 20, 13], [11, 3, 0], [48, 15, 30], [24, 33, 28], [10, 43, 8, 27], [25, 22, 45, 41]]
[[15, 13, 7], [1, 10, 22], [6, 46, 31], [32, 25, 43], [34, 26, 47], [9, 44, 20], [16, 45, 49], [8, 48, 19], [23, 33, 5], [12, 3, 24], [41, 42, 21], [29, 35, 4], [37, 14, 27], [36, 18, 2], [30, 0, 39, 38], [11, 28, 17, 40]]
[[16, 7, 15], [47, 13, 21], [39, 41, 44], [4, 24, 8], [45, 11, 5], [17, 18, 1], [12, 31, 30], [22, 23, 28], [27, 3, 42], [20, 46, 9], [10, 43, 0], [14, 32, 26], [6, 40, 29], [36, 19, 25], [33, 38, 34, 37], [49, 35, 48, 2]]
[[44, 24, 4], [46, 39, 14], [41, 11, 10], [8, 27, 2], [25, 42, 36], [16, 9, 19], [6, 47, 37], [48, 28, 32], [0, 1, 45], [3, 13, 34], [21, 15, 35], [40, 5, 17], [20, 30, 7], [12, 23, 38], [18, 26, 29, 43], [49, 33, 31, 22]]
[[33, 10, 41], [16, 1, 24], [43, 31, 3], [7, 18, 37], [21, 40, 46], [8, 39, 30], [2, 49, 35], [0, 17, 22], [11, 14, 34], [26, 12, 27], [25, 36, 15], [13, 38, 23], [47, 9, 45], [4, 29, 42], [28, 5, 6, 32], [44, 19, 20, 48]]
[[46, 10, 24], [13, 17, 29], [25, 3, 34], [7, 23, 0], [36, 14, 9], [20, 30, 37], [28, 2, 41], [11, 16, 12], [45, 4, 15], [47, 49, 1], [33, 42, 44], [22, 40, 27], [26, 32, 38], [35, 5, 43], [19, 31, 8, 39], [18, 21, 48, 6]]
[[19, 26, 22], [29, 14, 33], [10, 48, 2], [37, 49, 38], [18, 6, 31], [30, 32, 42], [28, 17, 13], [7, 23, 16], [40, 43, 4], [0, 9, 47], [1, 46, 5], [24, 12, 45], [20, 41, 25], [27, 44, 21], [11, 8, 15, 36], [39, 35, 34, 3]]
[[25, 30, 24], [42, 49, 34], [48, 14, 21], [12, 43, 36], [11, 16, 18], [2, 9, 39], [31, 29, 6], [47, 4, 32], [7, 10, 40], [46, 38, 28], [5, 33, 45], [37, 13, 22], [17, 26, 1], [19, 0, 23], [15, 44, 3, 35], [27, 20, 8, 41]]
[[33, 36, 44], [41, 25, 22], [23, 0, 39], [49, 45, 5], [47, 8, 31], [46, 18, 38], [1, 28, 26], [24, 14, 11], [48, 37, 4], [3, 30, 32], [34, 19, 21], [16, 29, 15], [10, 12, 40], [13, 43, 7], [9, 42, 20, 2], [27, 6, 17, 35]]
[[28, 47, 27], [18, 13, 41], [14, 42, 37], [9, 22, 35], [24, 12, 26], [2, 7, 8], [32, 6, 10], [33, 16, 17], [21, 48, 11], [31, 39, 19], [34, 3, 5], [25, 4, 23], [46, 36, 40], [0, 20, 29], [44, 1, 49, 30], [15, 43, 45, 38]]
[[8, 38, 48], [31, 23, 20], [10, 19, 26], [7, 35, 46], [4, 21, 27], [6, 44, 22], [41, 28, 37], [25, 32, 49], [40, 47, 34], [43, 17, 42], [11, 30, 1], [3, 2, 12], [0, 13, 33], [5, 36, 18], [45, 15, 39, 9], [29, 16, 14, 24]]
[[38, 37, 47], [32, 9, 28], [43, 17, 27], [16, 7, 19], [23, 30, 20], [26, 36, 34], [10, 40, 21], [5, 35, 48], [39, 18, 8], [42, 6, 3], [13, 44, 22], [0, 2, 49], [4, 24, 11], [25, 29, 15], [33, 1, 12, 41], [31, 45, 14, 46]]
[[0, 20, 33], [42, 40, 23], [37, 2, 14], [9, 26, 30], [4, 16, 5], [35, 7, 27], [29, 44, 45], [38, 22, 48], [25, 19, 34], [3, 49, 24], [10, 43, 47], [46, 8, 13], [1, 36, 41], [31, 15, 39], [21, 18, 17, 28], [32, 11, 6, 12]]
[[13, 45, 12], [9, 33, 6], [20, 31, 0], [35, 32, 49], [21, 39, 37], [4, 25, 8], [23, 14, 17], [16, 27, 11], [28, 18, 38], [46, 30, 3], [5, 7, 42], [44, 22, 43], [1, 15, 10], [47, 19, 29], [36, 26, 2, 48], [34, 41, 24, 40]]
[[12, 4, 14], [3, 26, 24], [20, 41, 25], [27, 9, 18], [23, 21, 7], [33, 2, 6], [28, 32, 31], [44, 30, 34], [19, 48, 10], [8, 11, 37], [40, 35, 39], [0, 49, 5], [13, 47, 17], [38, 16, 36], [15, 1, 22, 43], [45, 29, 42, 46]]
[[11, 35, 48], [20, 14, 5], [22, 33, 37], [29, 15, 13], [44, 38, 39], [36, 10, 0], [26, 19, 7], [1, 9, 31], [8, 40, 27], [34, 43, 21], [28, 3, 24], [23, 45, 25], [42, 6, 47], [32, 12, 18], [49, 30, 41, 17], [46, 2, 16, 4]]
[[20, 49, 10], [8, 17, 41], [7, 27, 40], [5, 31, 48], [24, 9, 46], [12, 32, 39], [44, 28, 22], [1, 14, 36], [30, 37, 34], [2, 38, 0], [16, 23, 3], [21, 47, 35], [29, 33, 43], [19, 13, 18], [45, 26, 15, 4], [11, 42, 6, 25]]
[[46, 27, 2], [33, 1, 40], [20, 48, 5], [31, 24, 26], [9, 10, 35], [22, 16, 0], [11, 36, 18], [42, 12, 6], [43, 13, 45], [29, 39, 21], [41, 23, 15], [47, 28, 30], [25, 34, 4], [17, 38, 32], [44, 7, 49, 14], [3, 19, 8, 37]]
[[2, 37, 31], [18, 47, 9], [15, 3, 48], [36, 30, 4], [19, 32, 46], [39, 12, 24], [8, 25, 21], [42, 28, 16], [0, 44, 5], [29, 20, 49], [41, 33, 34], [38, 13, 40], [45, 1, 11], [17, 35, 23], [10, 6, 26, 22], [14, 43, 27, 7]]
[[18, 49, 48], [15, 5, 22], [8, 6, 41], [46, 7, 36], [12, 0, 45], [21, 29, 23], [25, 33, 42], [9, 32, 43], [27, 38, 34], [2, 16, 19], [47, 14, 1], [40, 3, 10], [26, 28, 13], [44, 37, 20], [31, 11, 4, 39], [30, 17, 35, 24]]
[[36, 33, 22], [5, 44, 16], [39, 43, 24], [11, 15, 38], [48, 20, 29], [17, 32, 46], [40, 7, 25], [14, 6, 9], [42, 0, 21], [23, 8, 2], [27, 3, 31], [47, 28, 34], [10, 18, 1], [12, 35, 4], [41, 19, 49, 45], [13, 30, 37, 26]]
[[35, 33, 44], [13, 46, 19], [39, 16, 31], [22, 2, 28], [42, 25, 40], [24, 27, 23], [47, 41, 9], [0, 29, 5], [3, 11, 20], [26, 8, 7], [32, 15, 1], [37, 45, 49], [38, 21, 34], [10, 18, 17], [48, 6, 36, 4], [12, 43, 30, 14]]
[[20, 22, 10], [0, 15, 6], [38, 26, 4], [29, 9, 49], [16, 42, 7], [35, 27, 46], [34, 24, 18], [41, 21, 37], [31, 3, 23], [32, 25, 33], [5, 36, 19], [28, 1, 17], [11, 14, 2], [30, 40, 12], [43, 39, 8, 44], [13, 47, 45, 48]]
[[2, 48, 5], [13, 18, 38], [17, 21, 25], [10, 8, 43], [1, 3, 27], [42, 31, 19], [9, 32, 22], [30, 11, 20], [49, 29, 44], [39, 46, 4], [7, 24, 23], [14, 33, 12], [34, 0, 41], [15, 45, 40], [36, 26, 35, 28], [16, 6, 37, 47]]
[[38, 6, 41], [9, 37, 19], [13, 40, 5], [27, 42, 30], [36, 34, 16], [4, 39, 23], [20, 22, 26], [44, 1, 0], [28, 48, 43], [47, 7, 8], [29, 24, 25], [14, 17, 18], [11, 10, 45], [2, 3, 33], [49, 12, 21, 35], [32, 31, 15, 46]]
[[7, 22, 14], [45, 13, 25], [3, 35, 24], [38, 0, 29], [43, 34, 28], [46, 39, 18], [19, 21, 40], [9, 23, 4], [42, 6, 32], [26, 15, 37], [17, 10, 36], [41, 49, 27], [48, 12, 20], [44, 33, 1], [16, 2, 5, 30], [8, 47, 11, 31]]
[[26, 30, 45], [15, 33, 13], [22, 37, 43], [6, 3, 0], [47, 20, 44], [1, 18, 2], [12, 27, 8], [39, 19, 11], [49, 23, 46], [40, 9, 48], [16, 5, 7], [14, 34, 29], [36, 28, 4], [17, 31, 24], [41, 25, 35, 42], [21, 32, 10, 38]]
[[9, 3, 28], [10, 7, 42], [11, 21, 1], [29, 44, 6], [47, 25, 23], [17, 33, 35], [0, 13, 16], [48, 4, 38], [14, 45, 22], [27, 12, 24], [36, 15, 19], [37, 5, 41], [18, 32, 40], [20, 31, 46], [8, 30, 49, 26], [39, 43, 34, 2]]
[[3, 33, 0], [10, 1, 28], [34, 32, 14], [46, 36, 38], [2, 48, 16], [18, 41, 30], [39, 44, 37], [8, 31, 26], [35, 15, 29], [6, 20, 40], [23, 25, 19], [49, 42, 27], [45, 24, 22], [7, 11, 13], [9, 12, 43, 5], [47, 17, 21, 4]]
[[3, 25, 22], [41, 34, 18], [31, 12, 24], [38, 35, 7], [1, 26, 0], [4, 15, 36], [21, 23, 6], [8, 43, 9], [11, 5, 13], [46, 49, 10], [28, 2, 20], [17, 47, 19], [29, 45, 42], [32, 48, 39], [30, 44, 40, 33], [27, 37, 14, 16]]
[[26, 48, 21], [39, 18, 36], [11, 20, 2], [17, 38, 7], [34, 5, 33], [22, 29, 42], [41, 35, 0], [46, 9, 49], [23, 47, 37], [15, 6, 40], [16, 8, 27], [13, 44, 32], [43, 28, 19], [14, 45, 12], [24, 4, 30, 31], [1, 10, 25, 3]]
[[2, 20, 1], [21, 3, 19], [43, 39, 25], [6, 24, 22], [17, 27, 47], [26, 8, 34], [12, 31, 0], [40, 36, 42], [14, 11, 45], [13, 16, 44], [28, 4, 7], [37, 33, 49], [29, 18, 30], [35, 23, 41], [10, 9, 38, 5], [46, 32, 15, 48]]
[[11, 30, 2], [23, 0, 36], [3, 16, 35], [21, 12, 34], [49, 1, 28], [20, 39, 17], [47, 14, 8], [25, 33, 10], [48, 26, 43], [32, 37, 29], [13, 7, 5], [22, 15, 40], [9, 31, 18], [41, 46, 24], [6, 27, 19, 38], [42, 4, 45, 44]]
[[7, 47, 44], [41, 45, 16], [23, 10, 33], [38, 5, 49], [35, 14, 42], [18, 43, 22], [48, 36, 3], [1, 11, 9], [28, 15, 29], [34, 32, 24], [8, 39, 27], [31, 13, 19], [20, 2, 17], [30, 12, 0], [4, 6, 26, 46], [37, 25, 40, 21]]
[[34, 1, 39], [49, 0, 44], [36, 8, 21], [32, 4, 12], [15, 45, 27], [38, 18, 11], [28, 10, 17], [3, 37, 13], [6, 42, 48], [7, 25, 31], [26, 16, 20], [35, 19, 47], [33, 5, 24], [22, 14, 23], [46, 30, 43, 29], [41, 40, 9, 2]]
[[30, 19, 29], [4, 12, 44], [49, 37, 42], [36, 2, 6], [41, 22, 28], [20, 9, 8], [34, 17, 25], [39, 33, 40], [38, 10, 45], [16, 26, 15], [32, 48, 35], [43, 1, 18], [5, 24, 46], [11, 21, 13], [7, 31, 14, 47], [0, 3, 27, 23]]
[[33, 1, 49], [8, 20, 3], [47, 48, 38], [25, 0, 28], [45, 24, 19], [36, 31, 9], [46, 10, 37], [2, 39, 12], [7, 4, 43], [6, 21, 42], [17, 32, 14], [30, 22, 26], [23, 18, 29], [15, 16, 40], [34, 11, 44, 41], [13, 5, 35, 27]]
[[20, 40, 25], [30, 39, 26], [8, 9, 17], [38, 21, 35], [31, 15, 13], [49, 7, 14], [48, 12, 10], [19, 44, 18], [28, 3, 34], [37, 2, 23], [43, 1, 16], [33, 29, 0], [36, 32, 5], [45, 47, 11], [41, 6, 24, 46], [42, 4, 22, 27]]
[[30, 39, 25], [22, 3, 41], [34, 15, 38], [35, 17, 29], [45, 33, 14], [42, 23, 47], [16, 11, 9], [13, 5, 37], [43, 4, 24], [36, 21, 27], [10, 8, 49], [46, 48, 0], [28, 18, 26], [31, 40, 1], [6, 2, 7, 12], [19, 44, 32, 20]]
[[32, 39, 25], [15, 19, 4], [5, 22, 12], [9, 6, 47], [33, 8, 46], [13, 11, 7], [18, 28, 29], [36, 38, 34], [35, 14, 42], [49, 17, 3], [40, 21, 1], [44, 16, 20], [2, 10, 24], [41, 27, 0], [26, 45, 30, 31], [37, 43, 48, 23]]
[[27, 13, 28], [12, 31, 30], [25, 5, 43], [32, 21, 24], [29, 41, 4], [18, 38, 9], [10, 15, 6], [8, 1, 49], [0, 48, 40], [19, 46, 16], [35, 44, 37], [3, 45, 33], [2, 47, 22], [20, 34, 26], [11, 7, 36, 39], [17, 42, 14, 23]]
[[8, 2, 45], [1, 39, 38], [0, 32, 37], [26, 36, 41], [18, 22, 10], [24, 21, 9], [40, 49, 12], [44, 47, 20], [29, 17, 6], [3, 31, 5], [48, 42, 46], [14, 13, 4], [11, 25, 34], [43, 19, 27], [7, 16, 30, 33], [15, 28, 23, 35]]
[[31, 27, 47], [46, 37, 24], [6, 45, 4], [5, 33, 35], [34, 1, 3], [11, 25, 29], [12, 23, 38], [36, 19, 7], [32, 14, 30], [28, 15, 16], [43, 18, 42], [48, 39, 17], [22, 44, 41], [13, 10, 49], [0, 20, 8, 26], [9, 40, 21, 2]]
[[40, 0, 5], [7, 18, 11], [42, 24, 48], [41, 1, 43], [27, 19, 49], [3, 39, 38], [20, 10, 13], [26, 16, 8], [32, 29, 31], [12, 9, 23], [36, 45, 25], [28, 6, 30], [47, 33, 21], [34, 2, 35], [15, 17, 44, 22], [14, 37, 46, 4]]
[[2, 7, 23], [16, 27, 48], [9, 8, 33], [47, 6, 46], [3, 35, 10], [42, 45, 0], [44, 21, 28], [4, 40, 19], [24, 12, 14], [49, 43, 29], [5, 26, 11], [30, 39, 1], [41, 20, 18], [37, 32, 34], [25, 15, 13, 31], [36, 38, 17, 22]]
[[40, 44, 1], [21, 13, 26], [36, 5, 35], [27, 43, 48], [15, 7, 33], [16, 41, 28], [38, 4, 24], [6, 3, 42], [45, 12, 19], [17, 22, 31], [9, 10, 30], [18, 11, 29], [0, 14, 32], [25, 8, 20], [34, 49, 37, 46], [47, 2, 39, 23]]
[[14, 37, 32], [15, 41, 33], [24, 34, 40], [45, 4, 16], [39, 25, 30], [22, 28, 19], [2, 1, 3], [13, 21, 17], [38, 36, 20], [9, 48, 26], [7, 23, 42], [10, 0, 47], [5, 27, 31], [11, 29, 43], [35, 44, 46, 8], [6, 49, 12, 18]]
[[15, 5, 30], [47, 36, 38], [34, 24, 2], [11, 4, 9], [44, 7, 8], [27, 6, 39], [42, 1, 31], [35, 17, 0], [19, 20, 22], [18, 37, 48], [29, 12, 25], [16, 43, 40], [46, 13, 26], [3, 49, 33], [21, 28, 45, 14], [23, 10, 32, 41]]
[[49, 2, 11], [28, 32, 18], [23, 34, 21], [42, 39, 40], [36, 19, 24], [38, 17, 20], [26, 10, 44], [16, 15, 48], [33, 27, 22], [43, 31, 13], [4, 9, 37], [29, 1, 8], [25, 30, 41], [6, 35, 46], [7, 12, 14, 5], [45, 47, 3, 0]]
[[46, 25, 4], [20, 27, 42], [35, 49, 7], [13, 15, 11], [16, 23, 45], [28, 0, 30], [32, 14, 33], [43, 34, 44], [48, 26, 41], [38, 24, 19], [6, 31, 40], [22, 18, 29], [9, 37, 12], [5, 17, 2], [47, 8, 3, 1], [21, 10, 39, 36]]
[[25, 17, 33], [30, 11, 37], [2, 42, 39], [15, 44, 27], [31, 41, 18], [6, 26, 38], [48, 5, 49], [21, 23, 3], [19, 9, 22], [12, 8, 14], [20, 43, 35], [10, 29, 47], [16, 24, 4], [32, 7, 28], [34, 46, 36, 0], [45, 13, 1, 40]]
[[1, 36, 20], [17, 0, 14], [11, 48, 15], [3, 12, 39], [47, 25, 37], [28, 49, 38], [23, 42, 40], [34, 16, 31], [45, 24, 22], [27, 13, 5], [32, 7, 10], [46, 4, 30], [19, 35, 2], [43, 44, 8], [26, 41, 6, 33], [9, 21, 18, 29]]
[[37, 26, 15], [49, 3, 0], [19, 21, 4], [34, 38, 28], [35, 41, 39], [36, 24, 10], [13, 29, 6], [32, 46, 22], [48, 27, 44], [42, 18, 17], [31, 43, 40], [47, 7, 20], [5, 8, 1], [45, 16, 25], [11, 2, 30, 9], [23, 14, 12, 33]]
[[12, 20, 39], [49, 33, 7], [44, 45, 32], [26, 37, 46], [38, 48, 0], [22, 15, 30], [5, 14, 25], [23, 13, 35], [24, 27, 19], [6, 34, 21], [31, 17, 1], [4, 10, 36], [47, 43, 28], [11, 42, 8], [41, 29, 16, 18], [9, 2, 3, 40]]
[[35, 49, 2], [29, 33, 37], [39, 40, 9], [44, 20, 18], [22, 7, 38], [43, 34, 11], [23, 36, 16], [28, 1, 17], [0, 13, 15], [46, 12, 4], [26, 32, 19], [10, 5, 42], [3, 47, 30], [21, 24, 48], [8, 45, 27, 25], [6, 41, 31, 14]]
[[19, 30, 6], [45, 26, 17], [39, 27, 49], [29, 33, 11], [46, 13, 16], [43, 8, 48], [1, 41, 47], [35, 28, 9], [14, 36, 25], [34, 32, 21], [24, 18, 3], [37, 20, 40], [12, 23, 5], [10, 7, 44], [0, 4, 38, 42], [2, 22, 31, 15]]
[[3, 9, 33], [2, 48, 13], [41, 49, 28], [46, 22, 19], [1, 39, 18], [14, 26, 47], [37, 12, 44], [32, 25, 36], [16, 17, 5], [6, 42, 38], [23, 30, 8], [27, 11, 15], [45, 20, 35], [7, 4, 29], [34, 40, 24, 31], [43, 0, 10, 21]]
[[44, 15, 18], [41, 17, 22], [3, 16, 4], [29, 32, 23], [14, 24, 2], [25, 46, 36], [26, 49, 13], [10, 20, 35], [11, 34, 30], [37, 9, 12], [45, 0, 48], [40, 8, 7], [28, 39, 31], [43, 42, 38], [19, 6, 33, 47], [21, 5, 27, 1]]
[[9, 15, 12], [46, 13, 22], [5, 42, 10], [48, 14, 0], [6, 34, 37], [40, 36, 43], [44, 41, 2], [8, 49, 19], [38, 45, 16], [7, 30, 18], [11, 21, 20], [1, 27, 29], [4, 28, 3], [26, 17, 23], [33, 24, 35, 39], [25, 32, 31, 47]]
[[46, 19, 18], [2, 4, 40], [22, 28, 49], [39, 21, 5], [15, 37, 3], [29, 42, 24], [11, 17, 34], [27, 14, 45], [41, 25, 35], [12, 8, 38], [30, 20, 31], [47, 7, 0], [9, 44, 6], [26, 10, 23], [36, 16, 13, 48], [33, 43, 1, 32]]
[[46, 33, 41], [2, 23, 1], [42, 43, 47], [29, 8, 34], [24, 48, 40], [22, 11, 49], [20, 9, 5], [36, 31, 38], [28, 6, 27], [7, 32, 15], [4, 44, 17], [16, 21, 39], [18, 13, 19], [45, 35, 14], [3, 0, 12, 10], [37, 26, 25, 30]]
[[28, 41, 1], [25, 15, 5], [26, 32, 6], [3, 27, 40], [33, 17, 43], [12, 44, 46], [29, 30, 37], [8, 48, 16], [45, 31, 19], [20, 24, 36], [38, 14, 11], [0, 21, 2], [42, 18, 49], [39, 35, 4], [10, 9, 34, 13], [47, 7, 23, 22]]
[[39, 32, 44], [26, 18, 19], [9, 13, 30], [40, 31, 11], [28, 10, 37], [5, 21, 0], [3, 12, 33], [15, 36, 27], [34, 42, 2], [29, 1, 47], [38, 8, 45], [43, 41, 49], [6, 25, 46], [16, 35, 7], [22, 48, 14, 24], [20, 17, 4, 23]]
[[47, 44, 17], [48, 1, 6], [19, 28, 13], [4, 38, 12], [40, 8, 26], [18, 39, 2], [35, 46, 0], [37, 7, 11], [27, 33, 29], [32, 22, 5], [21, 23, 34], [42, 49, 43], [30, 9, 36], [20, 3, 41], [10, 25, 31, 14], [16, 24, 45, 15]]
[[25, 34, 37], [2, 38, 1], [27, 46, 36], [24, 12, 30], [42, 7, 49], [10, 40, 13], [8, 23, 41], [43, 18, 11], [47, 39, 19], [48, 17, 32], [4, 22, 3], [35, 0, 14], [29, 33, 6], [9, 26, 21], [5, 20, 28, 16], [31, 45, 15, 44]]
[[16, 41, 29], [23, 17, 10], [35, 45, 1], [27, 19, 34], [12, 3, 18], [42, 30, 21], [5, 32, 37], [4, 14, 0], [6, 40, 36], [48, 20, 49], [26, 47, 46], [33, 9, 2], [15, 38, 8], [43, 24, 39], [28, 31, 22, 25], [44, 11, 13, 7]]
[[48, 8, 10], [47, 16, 43], [34, 23, 31], [44, 45, 40], [32, 13, 36], [49, 33, 2], [18, 4, 6], [39, 20, 38], [1, 15, 41], [29, 24, 0], [27, 5, 11], [21, 37, 17], [30, 28, 19], [46, 25, 3], [42, 26, 9, 7], [35, 22, 14, 12]]
[[31, 17, 36], [9, 5, 4], [35, 39, 45], [48, 7, 12], [24, 26, 30], [29, 34, 3], [19, 49, 21], [16, 28, 41], [37, 18, 43], [47, 22, 20], [6, 33, 42], [40, 32, 13], [25, 15, 11], [23, 44, 14], [27, 2, 0, 46], [38, 8, 1, 10]]
[[32, 35, 8], [49, 23, 31], [34, 24, 22], [47, 46, 9], [44, 20, 48], [38, 3, 45], [10, 28, 6], [13, 33, 39], [14, 5, 37], [1, 21, 42], [27, 7, 29], [41, 17, 12], [43, 36, 25], [19, 26, 2], [15, 11, 30, 40], [18, 4, 16, 0]]
[[13, 6, 32], [26, 48, 0], [5, 47, 23], [19, 40, 44], [3, 38, 35], [41, 37, 36], [28, 7, 12], [46, 2, 33], [4, 14, 39], [42, 8, 22], [20, 31, 10], [21, 43, 25], [15, 45, 18], [9, 49, 1], [24, 17, 30, 29], [11, 27, 34, 16]]
[[1, 17, 14], [13, 27, 33], [32, 40, 45], [6, 38, 3], [26, 16, 48], [2, 31, 8], [35, 21, 42], [18, 34, 49], [39, 30, 43], [9, 20, 4], [11, 15, 7], [22, 29, 44], [28, 37, 36], [25, 24, 46], [47, 10, 23, 5], [41, 0, 19, 12]]
[[9, 18, 31], [8, 40, 38], [28, 13, 14], [36, 23, 1], [4, 24, 37], [27, 10, 47], [29, 17, 15], [33, 22, 39], [7, 21, 6], [19, 41, 3], [45, 42, 32], [34, 49, 35], [12, 44, 11], [26, 5, 2], [25, 30, 43, 48], [0, 16, 20, 46]]
[[13, 39, 48], [44, 36, 45], [49, 17, 9], [21, 37, 18], [25, 27, 15], [28, 34, 19], [6, 24, 14], [3, 20, 0], [26, 12, 22], [1, 29, 11], [35, 42, 40], [16, 43, 32], [7, 4, 46], [30, 2, 8], [33, 38, 23, 10], [31, 47, 41, 5]]
[[38, 40, 5], [34, 33, 43], [28, 1, 32], [45, 29, 37], [20, 27, 49], [15, 10, 0], [21, 9, 41], [48, 14, 42], [31, 30, 2], [19, 4, 23], [17, 47, 25], [22, 8, 11], [13, 35, 44], [46, 36, 39], [6, 12, 7, 3], [24, 18, 26, 16]]
[[36, 38, 17], [0, 33, 26], [24, 47, 23], [14, 29, 44], [48, 19, 34], [7, 5, 4], [3, 21, 1], [42, 15, 20], [35, 39, 18], [46, 40, 25], [28, 12, 30], [13, 22, 32], [8, 45, 49], [31, 11, 27], [16, 41, 9, 10], [6, 2, 37, 43]]
[[38, 47, 19], [48, 35, 12], [18, 41, 9], [13, 36, 14], [11, 2, 34], [16, 4, 27], [6, 49, 29], [22, 10, 15], [45, 17, 30], [21, 44, 7], [39, 1, 26], [24, 28, 23], [46, 43, 37], [31, 8, 3], [20, 40, 32, 42], [25, 33, 5, 0]]
[[37, 20, 43], [14, 12, 33], [9, 5, 26], [3, 40, 31], [25, 23, 1], [46, 18, 19], [8, 27, 29], [2, 24, 28], [16, 6, 0], [39, 22, 38], [15, 17, 41], [11, 13, 45], [44, 35, 48], [7, 36, 10], [32, 30, 42, 4], [34, 47, 21, 49]]
[[6, 24, 17], [16, 4, 48], [28, 27, 14], [2, 21, 41], [31, 25, 44], [46, 19, 10], [38, 36, 0], [20, 26, 47], [13, 8, 32], [30, 12, 9], [40, 15, 34], [45, 22, 3], [7, 37, 5], [18, 49, 33], [39, 1, 23, 29], [43, 11, 42, 35]]
[[19, 15, 30], [6, 5, 13], [31, 20, 42], [25, 41, 40], [43, 27, 16], [23, 35, 28], [47, 38, 44], [7, 32, 0], [8, 45, 34], [17, 9, 11], [22, 36, 39], [4, 29, 21], [12, 1, 14], [37, 10, 24], [2, 48, 26, 33], [49, 46, 18, 3]]
[[16, 20, 38], [11, 41, 34], [48, 10, 17], [14, 33, 1], [47, 15, 42], [7, 28, 30], [3, 25, 35], [39, 49, 12], [36, 21, 9], [8, 22, 18], [6, 29, 44], [13, 43, 45], [4, 26, 0], [32, 23, 31], [24, 40, 27, 5], [46, 37, 19, 2]]
[[47, 29, 9], [22, 27, 3], [34, 10, 21], [40, 19, 46], [7, 12, 48], [42, 35, 6], [1, 39, 23], [41, 0, 33], [24, 5, 28], [14, 38, 43], [13, 25, 8], [15, 20, 18], [45, 31, 36], [49, 16, 44], [2, 26, 17, 30], [4, 11, 37, 32]]
[[24, 42, 45], [17, 13, 22], [39, 12, 1], [36, 30, 27], [21, 2, 6], [9, 15, 32], [20, 11, 35], [41, 4, 23], [10, 19, 25], [43, 33, 37], [26, 49, 44], [14, 31, 0], [46, 40, 3], [47, 7, 28], [34, 8, 29, 48], [38, 18, 5, 16]]
[[3, 33, 28], [26, 19, 34], [35, 0, 36], [38, 10, 14], [2, 6, 27], [31, 1, 13], [25, 9, 44], [39, 24, 37], [20, 4, 32], [29, 43, 47], [41, 18, 22], [30, 12, 48], [21, 49, 7], [11, 45, 42], [23, 5, 16, 8], [17, 46, 40, 15]]
[[36, 38, 23], [0, 42, 5], [10, 34, 19], [7, 8, 47], [31, 13, 14], [1, 44, 49], [25, 18, 48], [4, 30, 2], [11, 39, 6], [33, 20, 26], [35, 22, 15], [27, 32, 45], [21, 29, 17], [16, 41, 43], [12, 3, 37, 46], [24, 40, 9, 28]]
[[41, 20, 21], [44, 15, 1], [16, 29, 49], [40, 13, 18], [17, 28, 37], [30, 23, 45], [39, 4, 9], [48, 11, 5], [25, 22, 2], [26, 24, 42], [0, 32, 8], [34, 7, 36], [46, 27, 10], [35, 47, 3], [38, 43, 12, 14], [31, 19, 33, 6]]
[[27, 8, 44], [12, 0, 28], [11, 23, 19], [35, 22, 9], [25, 39, 26], [32, 37, 14], [2, 30, 16], [20, 41, 45], [46, 31, 47], [49, 6, 24], [38, 3, 29], [10, 21, 33], [7, 5, 43], [36, 15, 18], [34, 42, 13, 4], [48, 40, 17, 1]]
[[0, 24, 41], [3, 43, 49], [20, 29, 35], [37, 1, 6], [47, 30, 4], [27, 40, 17], [14, 12, 22], [5, 28, 31], [45, 23, 13], [11, 48, 39], [19, 18, 44], [38, 21, 15], [26, 34, 7], [8, 42, 2], [25, 16, 9, 46], [32, 33, 36, 10]]
[[42, 37, 38], [26, 13, 23], [20, 0, 11], [16, 46, 15], [45, 19, 18], [21, 5, 25], [35, 1, 43], [30, 49, 27], [4, 36, 2], [3, 9, 48], [34, 6, 40], [41, 29, 17], [33, 8, 44], [10, 32, 39], [47, 14, 28, 22], [24, 31, 12, 7]]
[[39, 11, 41], [3, 37, 17], [16, 14, 25], [24, 33, 44], [23, 40, 36], [42, 45, 12], [49, 0, 28], [43, 32, 10], [29, 18, 21], [34, 31, 22], [48, 15, 20], [35, 6, 30], [46, 27, 2], [1, 19, 26], [47, 7, 9, 38], [13, 4, 5, 8]]
[[47, 19, 44], [37, 41, 22], [14, 23, 30], [7, 35, 40], [49, 34, 46], [43, 5, 20], [29, 4, 21], [36, 32, 38], [31, 13, 15], [28, 3, 1], [26, 45, 17], [39, 2, 11], [33, 27, 42], [6, 10, 25], [18, 24, 48, 8], [9, 12, 0, 16]]
[[9, 11, 23], [20, 18, 48], [15, 24, 28], [41, 32, 31], [19, 33, 0], [46, 37, 40], [1, 3, 42], [47, 27, 14], [39, 10, 43], [17, 16, 25], [22, 38, 4], [45, 35, 44], [49, 13, 6], [7, 21, 12], [5, 36, 30, 8], [2, 29, 34, 26]]
[[31, 18, 1], [19, 10, 8], [33, 46, 48], [40, 44, 0], [22, 11, 45], [6, 43, 42], [9, 16, 28], [14, 37, 32], [3, 38, 24], [34, 5, 25], [4, 20, 29], [41, 35, 2], [47, 39, 21], [30, 26, 15], [27, 17, 12, 49], [36, 13, 7, 23]]
[[22, 27, 17], [32, 10, 48], [40, 26, 15], [13, 16, 36], [28, 14, 7], [9, 23, 20], [11, 39, 47], [5, 34, 3], [8, 45, 41], [25, 18, 42], [37, 4, 33], [21, 19, 46], [35, 6, 38], [30, 1, 0], [2, 43, 44, 12], [31, 24, 29, 49]]
[[12, 26, 0], [3, 35, 47], [18, 13, 17], [27, 34, 49], [5, 9, 38], [46, 40, 11], [25, 39, 4], [10, 43, 24], [19, 44, 30], [6, 31, 42], [15, 41, 37], [22, 32, 2], [45, 23, 28], [14, 1, 48], [20, 36, 21, 7], [33, 29, 16, 8]]
[[31, 23, 27], [44, 45, 11], [5, 48, 10], [36, 16, 12], [4, 3, 28], [32, 22, 38], [0, 19, 30], [1, 15, 13], [33, 2, 29], [43, 34, 47], [49, 9, 24], [21, 8, 37], [26, 6, 41], [35, 39, 7], [18, 17, 20, 46], [14, 42, 40, 25]]
[[5, 20, 6], [49, 8, 48], [34, 1, 9], [23, 29, 26], [18, 27, 3], [37, 39, 16], [31, 35, 44], [46, 42, 30], [47, 33, 38], [36, 7, 28], [17, 15, 2], [11, 21, 12], [43, 22, 4], [32, 14, 24], [19, 10, 45, 41], [0, 13, 40, 25]]
[[46, 43, 8], [33, 27, 13], [11, 32, 10], [39, 17, 44], [24, 34, 35], [31, 29, 12], [26, 16, 18], [30, 22, 36], [45, 19, 20], [47, 23, 37], [1, 6, 21], [7, 28, 40], [49, 0, 48], [4, 3, 42], [15, 14, 38, 41], [25, 9, 2, 5]]
[[25, 7, 11], [39, 44, 13], [14, 26, 12], [37, 35, 19], [10, 23, 6], [22, 49, 33], [16, 9, 15], [1, 46, 30], [48, 18, 8], [5, 2, 31], [40, 20, 28], [43, 24, 29], [4, 32, 17], [36, 3, 47], [0, 45, 38, 27], [42, 41, 34, 21]]
[[34, 46, 47], [1, 6, 2], [49, 24, 9], [37, 22, 32], [40, 33, 45], [13, 17, 41], [19, 14, 35], [43, 31, 20], [38, 23, 28], [10, 26, 42], [16, 4, 48], [25, 7, 5], [18, 44, 0], [3, 36, 15], [27, 21, 39, 8], [29, 11, 12, 30]]
[[39, 30, 46], [13, 9, 10], [1, 41, 2], [40, 5, 38], [47, 7, 28], [36, 21, 43], [27, 16, 29], [44, 4, 6], [26, 18, 17], [24, 3, 12], [35, 22, 25], [20, 33, 0], [37, 42, 34], [32, 23, 8], [31, 45, 11, 19], [48, 14, 15, 49]]
